12/12/2017,09:30,331.67,332.28,331.46,332.26,8391
12/12/2017,09:35,332.45,332.74,332.45,332.66,4703
12/12/2017,09:40,332.66,332.66,332.53,332.58,1601
12/12/2017,09:45,332.58,332.689,332.58,332.689,2137
12/12/2017,09:50,332.61,332.65,332.47,332.63,1615
12/12/2017,09:55,332.63,333.03,332.6,333.03,1461
12/12/2017,10:00,333.03,333.03,332.7,332.7,1874
12/12/2017,10:05,332.7,332.74,332.62,332.74,1551
12/12/2017,10:10,332.79,332.79,332.68,332.7,800
12/12/2017,10:15,332.75,332.85,332.75,332.85,1441
12/12/2017,10:20,332.84,332.86,332.769,332.84,2072
12/12/2017,10:25,332.874,332.91,332.8,332.87,778
12/12/2017,10:30,332.7,332.7,332.7,332.7,100
12/12/2017,10:35,332.664,332.76,332.664,332.69,1201
12/12/2017,10:40,332.6745,332.75,332.48,332.48,7472
12/12/2017,10:45,332.58,332.58,332.21,332.21,700
12/12/2017,10:50,332.165,332.34,332.165,332.3098,949
12/12/2017,10:55,332.33,332.37,332.23,332.33,1101
12/12/2017,11:00,332.35,332.35,332.35,332.35,200
12/12/2017,11:05,332.36,332.49,332.33,332.42,2193
12/12/2017,11:10,332.38,332.43,332.35,332.35,420
12/12/2017,11:15,332.34,332.55,332.34,332.55,1211
12/12/2017,11:20,332.5,332.5,332.29,332.38,987
12/12/2017,11:25,332.38,332.4,332.212,332.4,1003
12/12/2017,11:30,332.39,332.53,332.39,332.49,800
12/12/2017,11:35,332.45,332.51,332.27,332.4,1349
12/12/2017,11:40,332.33,332.33,332.24,332.24,1004
12/12/2017,11:45,332.3,332.44,332.3,332.44,500
12/12/2017,11:50,332.49,332.51,332.22,332.22,700
12/12/2017,11:55,332.2405,332.2405,332.16,332.16,502
12/12/2017,12:00,332.2,332.3,332.2,332.3,700
12/12/2017,12:05,332.26,332.29,332.26,332.29,214
12/12/2017,12:10,332.3,332.38,332.3,332.38,500
12/12/2017,12:15,332.43,332.45,332.31,332.45,1611
12/12/2017,12:20,332.47,332.52,332.41,332.43,500
12/12/2017,12:25,332.315,332.38,332.16,332.16,400
12/12/2017,12:30,332.155,332.32,332.145,332.32,1649
12/12/2017,12:35,332.16,332.195,332.07,332.14,400
12/12/2017,12:40,332.095,332.17,332.05,332.05,580
12/12/2017,12:45,332.13,332.14,332.13,332.14,300
12/12/2017,12:50,332.08,332.2,332.06,332.11,520
12/12/2017,12:55,332.015,332.13,332.015,332.13,318
12/12/2017,13:00,332.13,332.18,332.09,332.18,521
12/12/2017,13:05,332.09,332.09,332.09,332.09,100
12/12/2017,13:10,332.1269,332.31,332.1269,332.31,900
12/12/2017,13:15,332.23,332.26,332.14,332.26,400
12/12/2017,13:20,332.21,332.25,332.21,332.25,500
12/12/2017,13:25,332.27,332.43,332.24,332.4,1525
12/12/2017,13:30,332.41,332.41,332.34,332.34,696
12/12/2017,13:35,332.145,332.145,332.145,332.145,100
12/12/2017,13:40,332.26,332.28,332.223,332.28,555
12/12/2017,13:45,332.26,332.26,332.081,332.15,1056
12/12/2017,13:50,332.09,332.16,332.08,332.08,450
12/12/2017,13:55,332.17,332.3,332.17,332.3,700
12/12/2017,14:00,332.34,332.34,332.34,332.34,100
12/12/2017,14:05,332.3,332.335,331.9,332.2,4247
12/12/2017,14:10,332.25,332.34,332.23,332.34,801
12/12/2017,14:15,332.35,332.41,332.32,332.32,1200
12/12/2017,14:20,332.36,332.39,332.36,332.39,400
12/12/2017,14:25,332.31,332.31,332.31,332.31,200
12/12/2017,14:30,332.4,332.4,332.305,332.35,400
12/12/2017,14:35,332.4,332.42,332.4,332.42,625
12/12/2017,14:40,332.5,332.6,332.5,332.6,400
12/12/2017,14:45,332.47,332.525,332.47,332.51,1222
12/12/2017,14:50,332.435,332.53,332.435,332.53,500
12/12/2017,14:55,332.54,332.55,332.5,332.5,798
12/12/2017,15:00,332.57,332.6,332.44,332.5,1998
12/12/2017,15:05,332.45,332.47,332.45,332.45,600
12/12/2017,15:10,332.5,332.5,332.435,332.435,879
12/12/2017,15:15,332.43,332.5,332.43,332.43,716
12/12/2017,15:20,332.46,332.46,332.33,332.42,3067
12/12/2017,15:25,332.42,332.43,332.33,332.35,2511
12/12/2017,15:30,332.39,332.43,332.38,332.42,1100
12/12/2017,15:35,332.46,332.47,332.33,332.4,1698
12/12/2017,15:40,332.43,332.53,332.43,332.53,1597
12/12/2017,15:45,332.49,332.49,332.16,332.17,3920
12/12/2017,15:50,332.14,332.2,332.1,332.13,5738
12/12/2017,15:55,332.12,332.23,331.96,332.09,28859
12/12/2017,16:00,331.76,331.76,331.76,331.76,284312
12/12/2017,16:15,332.65,332.65,332.65,332.65,100
12/12/2017,16:45,331.76,331.76,331.76,331.76,974
12/13/2017,09:30,332.07,332.98,332.07,332.84,6933
12/13/2017,09:35,332.61,332.61,332.375,332.49,3460
12/13/2017,09:40,332.49,332.7,332.49,332.63,2218
12/13/2017,09:45,332.57,332.57,332.42,332.48,1850
12/13/2017,09:50,332.45,332.52,332.39,332.46,2798
12/13/2017,09:55,332.465,332.57,332.36,332.36,6217
12/13/2017,10:00,332.46,332.53,332.33,332.33,1601
12/13/2017,10:05,332.33,332.45,332.161,332.44,4592
12/13/2017,10:10,332.54,332.71,332.47,332.69,3407
12/13/2017,10:15,332.69,332.74,332.61,332.71,2700
12/13/2017,10:20,332.71,332.92,332.64,332.84,2712
12/13/2017,10:25,332.845,333.08,332.845,333.03,5002
12/13/2017,10:30,333.06,333.15,332.99,333.04,4228
12/13/2017,10:35,333.15,333.16,333.02,333.15,1108
12/13/2017,10:40,333.15,333.2899,333.08,333.19,3759
12/13/2017,10:45,333.26,333.31,333.12,333.12,2066
12/13/2017,10:50,333.17,333.17,333.05,333.16,2420
12/13/2017,10:55,333.17,333.36,333.0271,333.0271,5158
12/13/2017,11:00,333.07,333.08,332.93,333.03,2001
12/13/2017,11:05,333.04,333.17,333.01,333.17,3625
12/13/2017,11:10,333.13,333.19,333.03,333.03,2201
12/13/2017,11:15,333.08,333.185,333.04,333.13,2900
12/13/2017,11:20,333.12,333.22,333.12,333.21,1324
12/13/2017,11:25,333.12,333.2,332.86,333.01,2590
12/13/2017,11:30,333.02,333.06,332.92,332.92,1505
12/13/2017,11:35,332.83,332.89,332.71,332.85,1518
12/13/2017,11:40,332.8,332.83,332.6,332.74,1970
12/13/2017,11:45,332.65,332.78,332.65,332.71,2001
12/13/2017,11:50,332.87,332.87,332.74,332.76,3000
12/13/2017,11:55,332.8,332.8,332.72,332.77,2800
12/13/2017,12:00,332.69,332.69,332.47,332.525,2408
12/13/2017,12:05,332.525,332.58,332.35,332.355,2711
12/13/2017,12:10,332.35,332.37,332.17,332.17,1200
12/13/2017,12:15,332.24,332.24,332.08,332.15,1900
12/13/2017,12:20,332.16,332.34,332.16,332.33,2401
12/13/2017,12:25,332.37,332.55,332.37,332.55,2271
12/13/2017,12:30,332.45,332.47,332.41,332.41,300
12/13/2017,12:35,332.35,332.405,332.31,332.31,2008
12/13/2017,12:40,332.32,332.4,332.32,332.4,1029
12/13/2017,12:45,332.4,332.56,332.39,332.56,2100
12/13/2017,12:50,332.49,332.49,332.39,332.39,600
12/13/2017,12:55,332.42,332.49,332.37,332.49,901
12/13/2017,13:00,332.42,332.63,332.42,332.59,1702
12/13/2017,13:05,332.59,332.59,332.36,332.55,2559
12/13/2017,13:10,332.5066,332.54,332.48,332.5,895
12/13/2017,13:15,332.48,332.49,332.16,332.16,2647
12/13/2017,13:20,332.15,332.29,332.13,332.29,2703
12/13/2017,13:25,332.315,332.37,332.28,332.28,1700
12/13/2017,13:30,332.35,332.36,332.25,332.285,1600
12/13/2017,13:35,332.245,332.54,332.15,332.54,3347
12/13/2017,13:40,332.495,332.54,332.495,332.54,464
12/13/2017,13:45,332.52,332.63,332.52,332.62,1808
12/13/2017,13:50,332.66,332.67,332.61,332.67,1270
12/13/2017,13:55,332.67,332.86,332.67,332.83,3454
12/13/2017,14:00,332.82,333.19,332.82,332.96,4352
12/13/2017,14:05,332.82,332.87,332.67,332.83,4971
12/13/2017,14:10,332.9,332.91,332.83,332.87,2400
12/13/2017,14:15,332.91,333.08,332.91,333.08,800
12/13/2017,14:20,333.07,333.07,332.87,332.96,3528
12/13/2017,14:25,332.905,333.05,332.905,333.05,4075
12/13/2017,14:30,333.1,333.11,333.02,333.04,2093
12/13/2017,14:35,333.03,333.04,332.845,332.94,4473
12/13/2017,14:40,332.9,332.96,332.85,332.95,15334
12/13/2017,14:45,332.88,332.99,332.88,332.99,1845
12/13/2017,14:50,332.98,333.05,332.97,333.05,1925
12/13/2017,14:55,333,333.05,332.9499,333.0024,2929
12/13/2017,15:00,332.92,332.98,332.695,332.76,6473
12/13/2017,15:05,332.77,332.78,332.69,332.69,4667
12/13/2017,15:10,332.66,332.75,332.66,332.72,4196
12/13/2017,15:15,332.69,332.74,332.68,332.73,2400
12/13/2017,15:20,332.74,332.79,332.71,332.75,2691
12/13/2017,15:25,332.68,332.72,332.595,332.66,3501
12/13/2017,15:30,332.6,332.68,332.56,332.67,10200
12/13/2017,15:35,332.65,332.74,332.48,332.53,13860
12/13/2017,15:40,332.48,332.57,332.48,332.5042,4196
12/13/2017,15:45,332.53,332.55,332.2,332.45,8770
12/13/2017,15:50,332.46,332.46,332.32,332.32,9478
12/13/2017,15:55,332.34,332.42,331.94,332,31952
12/13/2017,16:00,331.98,331.98,331.98,331.98,328689
12/13/2017,16:15,331.98,331.98,331.98,331.98,1264
12/14/2017,09:30,332.02,333.23,332.01,332.95,17478
12/14/2017,09:35,332.98,333.15,332.5,332.87,8292
12/14/2017,09:40,332.81,333.05,332.74,332.74,3700
12/14/2017,09:45,332.91,333.04,332.685,332.8261,4542
12/14/2017,09:50,332.8,332.85,332.545,332.75,2700
12/14/2017,09:55,332.6,332.79,332.6,332.79,3750
12/14/2017,10:00,332.755,332.755,332.49,332.49,4077
12/14/2017,10:05,332.5,332.6,332.45,332.53,33698
12/14/2017,10:10,332.57,332.75,332.56,332.565,2141
12/14/2017,10:15,332.66,332.66,332.285,332.37,2400
12/14/2017,10:20,332.37,332.37,332.18,332.31,3000
12/14/2017,10:25,332.32,332.36,332.1,332.1,2700
12/14/2017,10:30,332.15,332.35,331.87,332.33,7000
12/14/2017,10:35,332.32,332.51,332.32,332.51,2500
12/14/2017,10:40,332.4067,332.41,332.35,332.405,700
12/14/2017,10:45,332.41,332.51,332.41,332.51,1900
12/14/2017,10:50,332.41,332.49,332.36,332.3922,3553
12/14/2017,10:55,332.46,332.52,332.415,332.51,1200
12/14/2017,11:00,332.42,332.58,332.42,332.58,1700
12/14/2017,11:05,332.49,332.49,332.29,332.345,715
12/14/2017,11:10,332.29,332.4,332.255,332.29,3100
12/14/2017,11:15,332.27,332.36,332.06,332.3,4147
12/14/2017,11:20,332.185,332.36,332.13,332.31,2496
12/14/2017,11:25,332.39,332.46,332.32,332.46,4681
12/14/2017,11:30,332.59,332.59,332.59,332.59,100
12/14/2017,11:35,332.54,332.6,332.48,332.51,2111
12/14/2017,11:40,332.51,332.5284,332.36,332.43,1600
12/14/2017,11:45,332.45,332.46,332.38,332.46,1893
12/14/2017,11:50,332.46,332.59,332.46,332.59,1700
12/14/2017,11:55,332.59,332.69,332.59,332.69,1000
12/14/2017,12:00,332.71,332.71,332.6,332.62,400
12/14/2017,12:05,332.68,332.72,332.57,332.615,2784
12/14/2017,12:10,332.59,332.65,332.54,332.54,1500
12/14/2017,12:15,332.66,332.66,332.62,332.66,905
12/14/2017,12:20,332.6,332.69,332.51,332.63,1100
12/14/2017,12:25,332.58,332.72,332.48,332.48,18299
12/14/2017,12:30,332.49,332.56,332.24,332.24,400
12/14/2017,12:35,332.3314,332.44,332.27,332.3,1300
12/14/2017,12:40,332.32,332.46,332.32,332.44,3490
12/14/2017,12:50,332.45,332.45,332.18,332.18,2600
12/14/2017,12:55,332.34,332.34,332.18,332.18,804
12/14/2017,13:00,332.19,332.39,332.19,332.39,2691
12/14/2017,13:05,332.35,332.35,332.25,332.32,600
12/14/2017,13:10,332.155,332.155,332.155,332.155,100
12/14/2017,13:15,332.25,332.34,332.23,332.34,3565
12/14/2017,13:20,332.34,332.39,332.34,332.39,1200
12/14/2017,13:25,332.3,332.33,332.13,332.21,1200
12/14/2017,13:30,332.16,332.25,332.16,332.175,900
12/14/2017,13:35,332.15,332.21,332.12,332.21,1399
12/14/2017,13:40,332.23,332.24,332.15,332.22,1500
12/14/2017,13:45,332.25,332.4,332.25,332.27,36516
12/14/2017,13:50,332.36,332.4,332.36,332.4,400
12/14/2017,13:55,332.53,332.76,332.27,332.76,32391
12/14/2017,14:00,332.54,332.59,332.5,332.59,1000
12/14/2017,14:05,332.59,332.64,332.59,332.6,1000
12/14/2017,14:10,332.65,332.65,332.55,332.55,500
12/14/2017,14:15,332.565,332.61,332.44,332.44,700
12/14/2017,14:20,332.47,332.47,332.05,332.05,1798
12/14/2017,14:25,332.04,332.32,331.9675,332,4606
12/14/2017,14:30,331.98,332.16,331.98,332.095,1900
12/14/2017,14:35,332.04,332.19,332.04,332.07,4817
12/14/2017,14:40,332.17,332.17,332.07,332.15,1600
12/14/2017,14:45,332.17,332.2,332.06,332.2,2307
12/14/2017,14:50,332.21,332.35,332.21,332.33,26823
12/14/2017,14:55,332.35,332.58,332.35,332.46,1423
12/14/2017,15:00,332.48,332.58,332.46,332.48,1600
12/14/2017,15:05,332.49,332.54,332.39,332.44,3036
12/14/2017,15:10,332.51,332.53,332.5,332.5117,1515
12/14/2017,15:15,332.47,332.53,332.33,332.33,1100
12/14/2017,15:20,332.305,332.53,332.305,332.48,3040
12/14/2017,15:25,332.53,332.64,332.48,332.48,1524
12/14/2017,15:30,332.54,332.58,332.5,332.58,600
12/14/2017,15:35,332.58,332.61,332.55,332.6,1700
12/14/2017,15:40,332.6,332.67,332.56,332.6,2621
12/14/2017,15:45,332.64,332.67,332.57,332.64,4422
12/14/2017,15:50,332.57,332.57,332.22,332.25,6124
12/14/2017,15:55,332.24,332.28,332.03,332.1,17778
12/14/2017,16:00,332.1,332.1,332.1,332.1,33343
12/15/2017,09:05,332.5,332.5,332.5,332.5,3023
12/15/2017,09:30,333.4,333.9593,332.748,333.74,79978
12/15/2017,09:35,333.6284,333.7791,333.4688,333.4688,700
12/15/2017,09:40,333.58,333.58,333.08,333.3386,4974
12/15/2017,09:45,333.41,333.71,333.37,333.71,500
12/15/2017,09:50,333.68,333.68,333.44,333.639,1296
12/15/2017,09:55,333.45,333.45,333.32,333.32,469
12/15/2017,10:00,333.32,333.51,333.32,333.45,2441
12/15/2017,10:05,333.4988,333.5588,333.27,333.35,54231
12/15/2017,10:10,333.21,333.21,332.713,332.713,2033
12/15/2017,10:15,332.82,333.569,332.82,333.569,2095
12/15/2017,10:20,333.5,333.57,333.27,333.27,4999
12/15/2017,10:25,333.304,333.58,333.198,333.37,4193
12/15/2017,10:30,333.359,333.414,333.33,333.33,50139
12/15/2017,10:35,333.42,333.47,333.42,333.47,300
12/15/2017,10:40,333.48,333.61,333.48,333.5,1795
12/15/2017,10:45,333.71,333.89,333.71,333.829,1383
12/15/2017,10:55,333.879,333.909,333.812,333.812,499
12/15/2017,11:00,333.9,333.92,333.68,333.76,2094
12/15/2017,11:05,333.81,333.86,333.78,333.86,598
12/15/2017,11:10,333.89,334.02,333.89,334.02,650
12/15/2017,11:15,334.03,334.225,334.029,334.13,949
12/15/2017,11:20,334.17,334.27,334.05,334.16,2298
12/15/2017,11:25,334.27,334.4099,334.255,334.3348,2102
12/15/2017,11:30,334.42,334.56,334.19,334.31,2597
12/15/2017,11:35,334.33,334.33,334.19,334.19,500
12/15/2017,11:40,334.19,334.204,334.13,334.13,999
12/15/2017,11:45,334.09,334.26,334.09,334.1,400
12/15/2017,11:50,334.06,334.08,334.01,334.024,949
12/15/2017,11:55,334,334.09,334,334.09,500
12/15/2017,12:00,334.17,334.25,334.095,334.25,1927
12/15/2017,12:05,334.2,334.2,333.99,334.07,5548
12/15/2017,12:10,334,334,333.95,333.95,200
12/15/2017,12:15,334.05,334.23,334.05,334.11,1260
12/15/2017,12:20,334.09,334.09,333.94,334,6779
12/15/2017,12:25,333.97,333.97,333.97,333.97,100
12/15/2017,12:30,333.98,334.02,333.98,334.02,999
12/15/2017,12:35,333.97,334.02,333.909,334.01,1956
12/15/2017,12:40,333.92,333.94,333.8492,333.8492,1058
12/15/2017,12:45,333.8,333.86,333.8,333.86,300
12/15/2017,12:50,333.77,333.89,333.76,333.89,800
12/15/2017,12:55,334,334,333.9043,333.9043,300
12/15/2017,13:00,333.9318,334.185,333.9318,334.185,4195
12/15/2017,13:05,334.082,334.1771,334.04,334.1,600
12/15/2017,13:10,334.0369,334.0369,333.929,333.944,400
12/15/2017,13:15,334.03,334.03,333.96,333.96,799
12/15/2017,13:20,333.974,334.07,333.974,334.07,400
12/15/2017,13:25,334.03,334.09,334.03,334.064,599
12/15/2017,13:30,334.08,334.12,334.07,334.07,899
12/15/2017,13:35,334.08,334.22,334.08,334.165,1499
12/15/2017,13:40,334.22,334.22,334.04,334.16,1896
12/15/2017,13:45,334.15,334.2,334.15,334.2,700
12/15/2017,13:50,334.17,334.26,334.14,334.26,2116
12/15/2017,13:55,334.35,334.4299,334.35,334.4299,1323
12/15/2017,14:00,334.3899,334.44,334.376,334.44,1256
12/15/2017,14:05,334.395,334.45,334.36,334.41,50617
12/15/2017,14:10,334.42,334.53,334.3,334.39,2795
12/15/2017,14:15,334.39,334.59,334.38,334.48,1798
12/15/2017,14:20,334.5,334.64,334.44,334.51,1398
12/15/2017,14:25,334.56,334.56,334.45,334.45,320
12/15/2017,14:30,334.5,334.6,334.5,334.58,2597
12/15/2017,14:35,334.56,334.59,334.53,334.53,700
12/15/2017,14:40,334.57,334.57,334.49,334.49,500
12/15/2017,14:45,334.56,334.56,334.56,334.56,100
12/15/2017,14:50,334.58,334.58,334.55,334.55,599
12/15/2017,14:55,334.54,334.55,334.42,334.55,800
12/15/2017,15:00,334.54,334.54,334.48,334.48,1548
12/15/2017,15:05,334.49,334.54,334.49,334.49,1060
12/15/2017,15:10,334.54,334.54,334.5,334.54,1099
12/15/2017,15:15,334.5,334.55,334.5,334.52,1247
12/15/2017,15:20,334.47,334.5,334.44,334.5,700
12/15/2017,15:25,334.53,334.59,334.53,334.53,700
12/15/2017,15:30,334.5801,334.63,334.57,334.57,3596
12/15/2017,15:35,334.57,334.59,334.46,334.46,600
12/15/2017,15:40,334.49,334.53,334.46,334.53,1699
12/15/2017,15:45,334.53,334.67,334.38,334.45,13451
12/15/2017,15:50,334.44,334.45,334.12,334.395,47643
12/15/2017,15:55,334.46,335.75,334.24,334.5,47661
12/15/2017,16:00,334.9,334.9,334.9,334.9,301844
12/15/2017,16:05,334.9,334.9,334.9,334.9,64933
12/15/2017,16:15,334.9,334.9,334.9,334.9,664
12/15/2017,16:55,334.9,334.9,334.9,334.9,1253
12/18/2017,09:30,333.92,335.01,333.92,334.08,9731
12/18/2017,09:35,334.11,334.54,333.9,334.055,2872
12/18/2017,09:40,334.24,334.38,334.15,334.17,3000
12/18/2017,09:45,334.135,334.38,333.91,333.91,2005
12/18/2017,09:50,334.09,334.09,333.7,333.985,3872
12/18/2017,09:55,334.16,334.16,333.75,333.92,514
12/18/2017,10:00,334.01,334.11,333.44,333.92,3560
12/18/2017,10:05,333.99,334.3144,333.905,334.09,3697
12/18/2017,10:10,334.14,334.515,334.14,334.28,3132
12/18/2017,10:15,334.28,334.28,333.7,333.7,5650
12/18/2017,10:20,333.66,333.66,333.39,333.56,1800
12/18/2017,10:25,333.63,333.85,333.54,333.81,1800
12/18/2017,10:30,333.83,333.87,333.71,333.87,2250
12/18/2017,10:35,333.891,333.955,333.81,333.91,2232
12/18/2017,10:40,333.975,334.06,333.84,334.06,1100
12/18/2017,10:45,334.06,334.33,334.06,334.32,2501
12/18/2017,10:50,334.34,334.34,333.94,334.06,1414
12/18/2017,10:55,334.01,334.01,333.83,333.85,1805
12/18/2017,11:00,333.89,333.89,333.63,333.63,400
12/18/2017,11:05,333.77,333.82,333.685,333.685,2200
12/18/2017,11:10,333.8299,333.87,333.81,333.87,1315
12/18/2017,11:15,333.88,333.905,333.68,333.81,3453
12/18/2017,11:20,333.8,333.86,333.71,333.74,3796
12/18/2017,11:25,333.84,333.8599,333.62,333.8199,8706
12/18/2017,11:30,333.77,333.91,333.69,333.72,6369
12/18/2017,11:35,333.83,333.85,333.69,333.72,1400
12/18/2017,11:40,333.85,333.87,333.73,333.79,2200
12/18/2017,11:45,333.79,333.81,333.66,333.8,4365
12/18/2017,11:50,333.83,333.99,333.735,333.99,4670
12/18/2017,11:55,333.87,333.97,333.82,333.82,1323
12/18/2017,12:00,333.85,333.94,333.77,333.91,2857
12/18/2017,12:05,333.83,333.92,333.76,333.89,1572
12/18/2017,12:10,333.81,333.85,333.68,333.72,3140
12/18/2017,12:15,333.63,333.705,333.6,333.68,3588
12/18/2017,12:20,333.6,333.68,333.49,333.54,9322
12/18/2017,12:25,333.67,333.67,333.49,333.49,2758
12/18/2017,12:30,333.55,333.55,333.36,333.49,3900
12/18/2017,12:35,333.46,333.46,333.38,333.45,600
12/18/2017,12:40,333.53,333.56,333.38,333.56,2200
12/18/2017,12:45,333.5697,333.64,333.45,333.56,5478
12/18/2017,12:50,333.49,333.72,333.49,333.6,1800
12/18/2017,12:55,333.7,333.715,333.62,333.63,500
12/18/2017,13:00,333.69,333.72,333.665,333.72,1100
12/18/2017,13:05,333.66,333.8,333.64,333.8,600
12/18/2017,13:10,333.72,333.72,333.72,333.72,100
12/18/2017,13:15,333.79,333.85,333.76,333.76,1713
12/18/2017,13:20,333.81,334.03,333.79,333.89,8717
12/18/2017,13:25,333.9,334.06,333.86,333.96,2858
12/18/2017,13:30,333.96,334.04,333.93,333.93,1300
12/18/2017,13:35,334.04,334.12,333.92,334.025,5048
12/18/2017,13:40,334.05,334.05,333.86,333.89,2500
12/18/2017,13:45,333.92,334.02,333.87,334.02,4421
12/18/2017,13:50,333.9728,334.02,333.87,333.95,5000
12/18/2017,13:55,333.9375,333.99,333.88,333.9099,5889
12/18/2017,14:00,333.86,333.9,333.85,333.87,1288
12/18/2017,14:05,333.87,333.9,333.81,333.815,2000
12/18/2017,14:10,333.81,333.88,333.81,333.875,400
12/18/2017,14:15,333.85,333.89,333.77,333.89,5000
12/18/2017,14:20,333.89,333.99,333.82,333.94,4778
12/18/2017,14:25,334.04,334.04,333.95,333.95,800
12/18/2017,14:30,334.03,334.13,333.97,334.0401,4595
12/18/2017,14:35,334.02,334.15,334.02,334.0996,2050
12/18/2017,14:40,334.06,334.12,333.97,333.97,2500
12/18/2017,14:45,333.93,333.95,333.86,333.95,1700
12/18/2017,14:50,333.83,333.885,333.82,333.885,400
12/18/2017,14:55,333.83,333.99,333.82,333.99,2950
12/18/2017,15:00,333.925,333.96,333.925,333.96,1100
12/18/2017,15:05,333.93,333.96,333.89,333.96,2800
12/18/2017,15:10,333.97,334.06,333.97,334.05,1300
12/18/2017,15:15,333.998,334.005,333.82,333.82,3240
12/18/2017,15:20,333.89,333.9599,333.81,333.89,3346
12/18/2017,15:25,333.83,334.01,333.77,333.84,6877
12/18/2017,15:30,333.75,333.82,333.71,333.785,5824
12/18/2017,15:35,333.785,333.79,333.71,333.73,5800
12/18/2017,15:40,333.72,333.82,333.69,333.82,7496
12/18/2017,15:45,333.77,333.88,333.76,333.87,6085
12/18/2017,15:50,333.86,333.89,333.74,333.88,7812
12/18/2017,15:55,333.85,333.91,333.74,333.86,15274
12/18/2017,16:00,333.81,333.81,333.81,333.81,282069
12/19/2017,09:30,334.11,334.71,333.77,334.0439,10297
12/19/2017,09:35,333.93,334.2,333.91,333.91,5401
12/19/2017,09:40,334,334.24,333.89,334.04,5058
12/19/2017,09:45,334.07,334.25,333.96,334.1225,1947
12/19/2017,09:50,334.12,334.12,334,334.065,523
12/19/2017,09:55,334,334.17,333.92,333.98,2191
12/19/2017,10:00,333.745,334.18,333.745,334.18,700
12/19/2017,10:05,334.14,334.28,334.14,334.28,750
12/19/2017,10:10,334.36,334.36,334.3,334.3,300
12/19/2017,10:15,334.26,334.36,334.26,334.3076,422
12/19/2017,10:20,334.26,334.4,334.21,334.34,1300
12/19/2017,10:25,334.24,334.25,334.24,334.25,300
12/19/2017,10:30,334.34,334.39,334.03,334.23,1900
12/19/2017,10:35,334.23,334.2617,334.16,334.16,1607
12/19/2017,10:40,334.13,334.23,334.1,334.1,809
12/19/2017,10:45,334.05,334.12,333.93,333.93,1400
12/19/2017,10:50,333.85,333.9096,333.84,333.9096,521
12/19/2017,10:55,333.97,333.99,333.84,333.99,1757
12/19/2017,11:00,333.98,333.98,333.75,333.75,600
12/19/2017,11:05,333.82,333.82,333.58,333.58,887
12/19/2017,11:10,333.51,333.63,333.45,333.51,3804
12/19/2017,11:15,333.5,333.78,333.5,333.59,3226
12/19/2017,11:20,333.5,333.69,333.5,333.69,1200
12/19/2017,11:25,333.63,333.82,333.51,333.8,1800
12/19/2017,11:30,333.74,333.86,333.54,333.8114,1425
12/19/2017,11:35,333.58,333.67,333.58,333.62,600
12/19/2017,11:40,333.7099,333.74,333.3,333.3,5921
12/19/2017,11:45,333.32,333.51,333.32,333.4,1700
12/19/2017,11:50,333.4499,333.55,333.38,333.45,1710
12/19/2017,11:55,333.475,333.64,333.475,333.63,1578
12/19/2017,12:00,333.6125,333.64,333.6125,333.64,900
12/19/2017,12:05,333.56,333.63,333.43,333.62,4200
12/19/2017,12:10,333.4,333.5125,333.4,333.44,600
12/19/2017,12:15,333.57,333.6,333.445,333.445,1400
12/19/2017,12:20,333.375,333.3799,333.36,333.3799,1100
12/19/2017,12:25,333.39,333.39,333.22,333.31,1504
12/19/2017,12:30,333.39,333.47,333.33,333.34,1133
12/19/2017,12:35,333.39,333.39,333.23,333.32,1300
12/19/2017,12:40,333.22,333.32,333.22,333.265,500
12/19/2017,12:45,333.33,333.35,333.24,333.35,996
12/19/2017,12:50,333.27,333.5,333.27,333.5,700
12/19/2017,12:55,333.375,333.51,333.375,333.415,1300
12/19/2017,13:00,333.41,333.5,333.26,333.32,6055
12/19/2017,13:05,333.39,333.39,333.02,333.26,2700
12/19/2017,13:10,333.27,333.31,333.21,333.24,1800
12/19/2017,13:15,333.23,333.48,333.2,333.44,1700
12/19/2017,13:20,333.33,333.36,333.21,333.27,995
12/19/2017,13:25,333.34,333.36,333.28,333.36,2674
12/19/2017,13:30,333.43,333.7,333.4,333.7,1900
12/19/2017,13:35,333.49,333.68,333.31,333.67,2533
12/19/2017,13:40,333.7,333.73,333.62,333.68,805
12/19/2017,13:45,333.66,333.78,333.64,333.66,1301
12/19/2017,13:50,333.73,333.79,333.68,333.68,714
12/19/2017,13:55,333.75,333.79,333.68,333.68,800
12/19/2017,14:00,333.69,333.82,333.69,333.82,900
12/19/2017,14:05,333.8,333.8,333.68,333.77,1060
12/19/2017,14:10,333.79,333.82,333.79,333.79,600
12/19/2017,14:15,333.77,333.82,333.71,333.81,1510
12/19/2017,14:20,333.86,334.15,333.86,334,1801
12/19/2017,14:25,333.9086,333.93,333.815,333.91,1200
12/19/2017,14:30,333.91,333.91,333.8,333.86,1327
12/19/2017,14:35,333.76,333.81,333.66,333.81,1408
12/19/2017,14:40,333.62,333.68,333.56,333.56,500
12/19/2017,14:45,333.5872,333.6,333.52,333.54,2893
12/19/2017,14:50,333.5,333.54,333.3404,333.3404,3696
12/19/2017,14:55,333.4,333.7,333.34,333.65,1900
12/19/2017,15:00,333.6,333.64,333.49,333.49,902
12/19/2017,15:05,333.4,333.5,333.33,333.48,1996
12/19/2017,15:10,333.5,333.57,333.43,333.56,1257
12/19/2017,15:15,333.51,333.6,333.47,333.58,500
12/19/2017,15:20,333.54,333.61,333.54,333.57,1000
12/19/2017,15:25,333.49,333.58,333.49,333.53,892
12/19/2017,15:30,333.54,333.61,333.5,333.57,1200
12/19/2017,15:35,333.47,333.62,333.47,333.56,1967
12/19/2017,15:40,333.65,333.71,333.62,333.7,2615
12/19/2017,15:45,333.63,333.72,333.57,333.57,3605
12/19/2017,15:50,333.56,333.65,333.51,333.65,3100
12/19/2017,15:55,333.63,333.91,333.58,333.7,11320
12/19/2017,16:00,333.83,333.83,333.83,333.83,416607
12/20/2017,09:30,333.55,334.19,333.55,334.19,8014
12/20/2017,09:35,334.29,334.38,333.94,333.95,3766
12/20/2017,09:40,333.74,334.05,333.37,333.83,5085
12/20/2017,09:45,333.545,333.585,333.27,333.47,900
12/20/2017,09:50,333.74,333.74,333.34,333.34,1100
12/20/2017,09:55,333.49,333.61,333.43,333.465,928
12/20/2017,10:00,333.36,333.47,333.27,333.43,2362
12/20/2017,10:05,333.53,333.63,333.47,333.63,2398
12/20/2017,10:10,333.64,333.78,333.58,333.78,3075
12/20/2017,10:15,333.67,333.76,333.65,333.76,1558
12/20/2017,10:20,333.715,333.715,333.58,333.58,1100
12/20/2017,10:25,333.675,333.92,333.675,333.92,2200
12/20/2017,10:30,333.8347,333.9,333.65,333.65,2404
12/20/2017,10:35,333.88,333.88,333.57,333.73,500
12/20/2017,10:40,333.52,333.67,333.25,333.5,3202
12/20/2017,10:45,333.45,333.52,333.35,333.43,3319
12/20/2017,10:50,333.31,333.45,333.2924,333.2924,2011
12/20/2017,10:55,333.31,333.39,333.22,333.23,1300
12/20/2017,11:00,333.26,333.26,332.97,333.235,3422
12/20/2017,11:05,333.2,333.2,333.045,333.145,700
12/20/2017,11:10,333.22,333.22,333.14,333.22,700
12/20/2017,11:15,333.125,333.16,333.04,333.04,700
12/20/2017,11:20,332.96,332.98,332.84,332.895,2510
12/20/2017,11:25,332.93,333.05,332.93,333.05,1100
12/20/2017,11:30,332.9,333.05,332.9,332.945,1000
12/20/2017,11:35,332.95,333.04,332.88,333.03,957
12/20/2017,11:40,332.995,332.995,332.995,332.995,200
12/20/2017,11:45,332.995,333.09,332.995,333.09,1800
12/20/2017,11:50,333.045,333.19,333.045,333.19,1600
12/20/2017,11:55,333.125,333.2,333.05,333.05,550
12/20/2017,12:00,333.13,333.19,333.07,333.19,1100
12/20/2017,12:05,333.12,333.13,333,333.05,500
12/20/2017,12:10,333.02,333.02,332.96,332.96,1700
12/20/2017,12:15,333.02,333.05,333.02,333.05,500
12/20/2017,12:20,333.08,333.08,332.96,332.96,400
12/20/2017,12:25,332.97,333.0169,332.96,332.96,600
12/20/2017,12:30,332.99,333.06,332.95,333.06,1400
12/20/2017,12:35,332.995,333.06,332.95,333.04,700
12/20/2017,12:45,333.09,333.2,333.015,333.2,1500
12/20/2017,12:50,333.2,333.2,333.15,333.18,400
12/20/2017,12:55,333.13,333.13,333.13,333.13,100
12/20/2017,13:00,333.07,333.17,333.05,333.1075,700
12/20/2017,13:05,333.15,333.37,333.15,333.37,2500
12/20/2017,13:10,333.49,333.5,333.49,333.5,2200
12/20/2017,13:20,333.37,333.4,333.37,333.4,300
12/20/2017,13:25,333.4,333.48,333.4,333.48,300
12/20/2017,13:30,333.45,333.48,333.45,333.48,200
12/20/2017,13:35,333.48,333.48,333.36,333.39,925
12/20/2017,13:40,333.33,333.39,333.3,333.325,500
12/20/2017,13:45,333.31,333.35,333.26,333.35,1080
12/20/2017,13:50,333.35,333.35,333.21,333.27,1041
12/20/2017,13:55,333.22,333.27,333.14,333.15,1500
12/20/2017,14:00,333.22,333.22,333.01,333.01,883
12/20/2017,14:05,333.11,333.11,333.02,333.02,600
12/20/2017,14:10,333.06,333.18,333.06,333.18,816
12/20/2017,14:15,333.23,333.25,333.23,333.25,200
12/20/2017,14:20,333.19,333.19,333.19,333.19,100
12/20/2017,14:25,333.12,333.13,332.97,333.045,700
12/20/2017,14:30,333.035,333.09,333.025,333.09,750
12/20/2017,14:35,333.08,333.08,333.02,333.05,1300
12/20/2017,14:40,333.06,333.1,333.01,333.1,600
12/20/2017,14:45,333.06,333.06,333.02,333.05,500
12/20/2017,14:50,333.07,333.07,333.02,333.02,600
12/20/2017,14:55,333.02,333.09,332.98,333.09,2000
12/20/2017,15:00,333.05,333.09,332.79,332.82,1800
12/20/2017,15:05,332.83,332.83,332.71,332.71,699
12/20/2017,15:10,332.79,332.83,332.71,332.83,1100
12/20/2017,15:15,332.88,332.88,332.88,332.88,100
12/20/2017,15:20,332.8,332.83,332.75,332.82,1200
12/20/2017,15:25,332.68,332.75,332.62,332.75,2299
12/20/2017,15:30,332.73,332.75,332.67,332.75,2495
12/20/2017,15:35,332.75,332.75,332.66,332.71,2400
12/20/2017,15:40,332.6,332.74,332.6,332.72,2100
12/20/2017,15:45,332.68,332.74,332.65,332.74,1445
12/20/2017,15:50,332.64,332.73,332.64,332.725,1300
12/20/2017,15:55,332.66,332.75,332.5,332.63,18689
12/20/2017,16:00,332.56,332.56,332.56,332.56,237242
12/20/2017,16:55,332.56,332.56,332.56,332.56,111
12/21/2017,09:30,332.88,333.39,332.05,333.25,8364
12/21/2017,09:35,333.105,333.19,332.675,332.8788,4256
12/21/2017,09:40,332.93,333.02,332.83,332.83,1700
12/21/2017,09:45,332.81,333.05,332.81,332.94,3680
12/21/2017,09:50,332.86,332.96,332.86,332.95,2496
12/21/2017,09:55,332.79,332.88,332.72,332.74,1490
12/21/2017,10:00,332.78,332.81,332.64,332.79,2440
12/21/2017,10:05,332.67,332.67,332.57,332.62,400
12/21/2017,10:10,332.62,332.72,332.55,332.65,4200
12/21/2017,10:15,332.54,332.62,332.42,332.54,1894
12/21/2017,10:20,332.54,332.66,332.54,332.6,1200
12/21/2017,10:25,332.45,332.65,332.45,332.49,1100
12/21/2017,10:30,332.43,332.69,332.42,332.69,1996
12/21/2017,10:35,332.68,332.775,332.68,332.74,855
12/21/2017,10:40,332.65,332.73,332.615,332.62,1998
12/21/2017,10:45,332.73,332.76,332.7,332.725,500
12/21/2017,10:50,332.78,332.8,332.72,332.72,600
12/21/2017,10:55,332.775,332.775,332.72,332.73,668
12/21/2017,11:05,332.47,332.5,332.46,332.46,1000
12/21/2017,11:10,332.4,332.42,332.35,332.35,450
12/21/2017,11:15,332.35,332.35,332.18,332.3,502
12/21/2017,11:20,332.28,332.28,332.17,332.17,600
12/21/2017,11:25,332.2004,332.2004,332.15,332.15,453
12/21/2017,11:30,332.1,332.14,331.97,332.11,2243
12/21/2017,11:40,332.08,332.17,332.08,332.17,2014
12/21/2017,11:45,332.18,332.26,332.18,332.26,600
12/21/2017,11:50,332.25,332.34,332.25,332.34,300
12/21/2017,11:55,332.2499,332.31,332.23,332.23,480
12/21/2017,12:00,332.29,332.29,332.159,332.159,800
12/21/2017,12:05,332.2,332.23,332.15,332.18,900
12/21/2017,12:10,332.24,332.27,332.24,332.26,1300
12/21/2017,12:15,332.3,332.37,332.3,332.37,1200
12/21/2017,12:20,332.38,332.4,332.325,332.4,1750
12/21/2017,12:25,332.43,332.435,332.4,332.4,1200
12/21/2017,12:30,332.4041,332.4041,332.34,332.37,1218
12/21/2017,12:35,332.31,332.34,332.28,332.34,300
12/21/2017,12:45,332.12,332.12,332.07,332.0981,400
12/21/2017,12:50,332.03,332.12,331.96,332.05,3013
12/21/2017,12:55,332.1,332.14,332.07,332.14,1800
12/21/2017,13:00,332.19,332.19,332.12,332.12,300
12/21/2017,13:05,332.16,332.16,332.16,332.16,100
12/21/2017,13:10,332.15,332.17,332.15,332.16,600
12/21/2017,13:15,332.15,332.26,332.15,332.26,2460
12/21/2017,13:20,332.18,332.26,332.18,332.26,300
12/21/2017,13:25,332.29,332.41,332.265,332.41,979
12/21/2017,13:30,332.41,332.45,332.404,332.404,683
12/21/2017,13:35,332.38,332.38,332.36,332.36,400
12/21/2017,13:40,332.36,332.38,332.31,332.31,401
12/21/2017,13:45,332.38,332.38,332.28,332.28,500
12/21/2017,13:50,332.14,332.29,332.14,332.29,400
12/21/2017,13:55,332.22,332.24,332.17,332.21,1000
12/21/2017,14:00,332.13,332.21,332.0396,332.11,2102
12/21/2017,14:05,332.09,332.09,331.96,332.03,3200
12/21/2017,14:10,332.02,332.02,331.905,331.95,800
12/21/2017,14:15,331.93,332.19,331.92,332.19,1900
12/21/2017,14:20,332.16,332.17,332.155,332.155,1000
12/21/2017,14:25,332.15,332.34,332.15,332.34,2302
12/21/2017,14:30,332.31,332.35,332.31,332.35,400
12/21/2017,14:35,332.236,332.236,332.236,332.236,175
12/21/2017,14:40,332.34,332.34,332.205,332.25,700
12/21/2017,14:45,332.14,332.17,332.11,332.17,800
12/21/2017,14:50,332.14,332.14,332.07,332.07,300
12/21/2017,14:55,332.12,332.13,332.03,332.1,1200
12/21/2017,15:00,332,332.1,331.9,331.9,600
12/21/2017,15:05,331.81,331.9,331.79,331.86,900
12/21/2017,15:10,331.67,331.86,331.67,331.86,3313
12/21/2017,15:15,331.86,331.86,331.73,331.73,400
12/21/2017,15:20,331.74,331.8,331.74,331.785,4148
12/21/2017,15:25,331.77,331.86,331.77,331.85,3321
12/21/2017,15:30,331.85,331.88,331.77,331.83,2306
12/21/2017,15:35,331.83,331.83,331.77,331.79,1541
12/21/2017,15:40,331.77,331.84,331.77,331.8,4983
12/21/2017,15:45,331.8,331.8,331.7,331.74,7270
12/21/2017,15:50,331.73,331.76,331.66,331.69,6172
12/21/2017,15:55,331.69,331.82,331.48,331.82,19004
12/21/2017,16:00,331.4,331.4,331.4,331.4,148639
12/21/2017,16:15,331.4,331.4,331.4,331.4,1588
12/22/2017,09:30,331.25,331.25,331.25,331.25,1490
12/22/2017,09:35,331.55,331.76,331.5,331.5,1117
12/22/2017,09:40,331.43,331.69,331.43,331.65,500
12/22/2017,09:45,331.73,332.06,331.73,332.06,1100
12/22/2017,09:50,331.98,331.99,331.76,331.76,400
12/22/2017,09:55,331.92,332.22,331.92,332.09,1600
12/22/2017,10:00,331.98,332.08,331.97,331.99,800
12/22/2017,10:05,332.09,332.14,331.93,331.93,600
12/22/2017,10:10,331.9,331.97,331.55,331.55,2329
12/22/2017,10:15,331.55,331.56,331.55,331.56,657
12/22/2017,10:20,331.58,331.69,331.555,331.555,900
12/22/2017,10:25,331.59,331.65,331.53,331.53,600
12/22/2017,10:30,331.37,331.52,331.37,331.51,316
12/22/2017,10:35,331.25,331.25,331.25,331.25,100
12/22/2017,10:40,331.34,331.39,331.21,331.39,680
12/22/2017,10:45,331.31,331.43,331.31,331.39,1400
12/22/2017,10:50,331.4,331.74,331.1525,331.74,13868
12/22/2017,10:55,331.79,331.95,331.245,331.83,7491
12/22/2017,11:00,331.42,331.86,331.27,331.86,7450
12/22/2017,11:05,331.57,331.69,331.28,331.54,3250
12/22/2017,11:10,331.65,331.74,331.35,331.38,2699
12/22/2017,11:15,331.39,331.61,330.94,331.32,3900
12/22/2017,11:20,331.335,331.335,331.27,331.29,1100
12/22/2017,11:25,331.18,331.29,331.17,331.2,3300
12/22/2017,11:30,330.7975,331.24,330.685,331.07,3198
12/22/2017,11:35,330.99,331.21,330.99,331.11,1507
12/22/2017,11:40,331.04,331.04,330.975,330.99,1900
12/22/2017,11:45,331.06,331.12,330.905,330.99,4000
12/22/2017,11:50,331.04,331.06,330.94,331,1700
12/22/2017,11:55,331,331.03,330.96,330.96,2600
12/22/2017,12:00,331.03,331.04,330.93,331.02,3200
12/22/2017,12:05,330.95,330.97,330.87,330.87,800
12/22/2017,12:10,330.88,330.98,330.88,330.89,998
12/22/2017,12:15,330.85,330.92,330.78,330.78,2775
12/22/2017,12:20,330.78,331.12,330.73,331.12,1300
12/22/2017,12:25,331.16,331.28,331.15,331.28,800
12/22/2017,12:30,331.28,331.29,331.14,331.22,1050
12/22/2017,12:35,331.29,331.33,331.28,331.28,400
12/22/2017,12:40,331.3,331.3,330.88,331.15,5500
12/22/2017,12:45,331.07,331.07,330.815,330.85,300
12/22/2017,12:50,330.955,330.955,330.955,330.955,200
12/22/2017,12:55,331.09,331.19,331.01,331.12,2500
12/22/2017,13:00,331.19,331.32,331.19,331.32,400
12/22/2017,13:05,331.3,331.48,331.155,331.27,12260
12/22/2017,13:10,331.26,331.39,331.06,331.21,7100
12/22/2017,13:15,331.18,331.23,331.17,331.17,1200
12/22/2017,13:20,331.19,331.28,331.13,331.14,1399
12/22/2017,13:25,331.15,331.26,331.15,331.25,7300
12/22/2017,13:30,331.4,331.4,331.38,331.4,400
12/22/2017,13:35,331.4,331.43,331.4,331.41,1200
12/22/2017,13:40,331.48,331.54,331.41,331.5,5300
12/22/2017,13:45,331.56,331.66,331.54,331.66,2113
12/22/2017,13:50,331.66,331.93,331.51,331.6,6480
12/22/2017,13:55,331.51,331.89,331.36,331.36,1800
12/22/2017,14:00,331.35,331.63,331.27,331.46,19895
12/22/2017,14:05,331.6,333.67,331.42,332.13,49742
12/22/2017,14:10,332.11,332.47,331.84,332.3,80532
12/22/2017,14:15,332.3,332.83,331.99,332.5,40377
12/22/2017,14:20,332.5,332.59,332.225,332.43,54154
12/22/2017,14:25,332.38,332.6,332.08,332.42,66694
12/22/2017,14:30,332.36,332.48,332.26,332.31,59843
12/22/2017,14:35,332.36,332.58,332.3,332.49,28967
12/22/2017,14:40,332.52,333.01,332.52,332.59,6017
12/22/2017,14:45,332.6,332.84,332.5,332.75,6750
12/22/2017,14:50,332.7,332.87,332.555,332.56,7385
12/22/2017,14:55,332.57,332.76,332.21,332.4,22778
12/22/2017,15:00,332.4,332.6,332.4,332.58,4296
12/22/2017,15:05,332.48,332.495,332.13,332.415,15485
12/22/2017,15:10,332.42,332.5,332.33,332.5,3700
12/22/2017,15:15,332.5,332.5,332.36,332.5,9790
12/22/2017,15:20,332.53,332.79,332.33,332.79,23833
12/22/2017,15:25,332.79,332.86,332.62,332.62,2495
12/22/2017,15:30,332.74,332.74,332.7,332.74,1265
12/22/2017,15:35,332.67,332.71,332.54,332.61,18097
12/22/2017,15:40,332.65,332.69,332.59,332.66,3680
12/22/2017,15:45,332.61,332.69,332.58,332.58,12377
12/22/2017,15:50,332.54,332.59,332.455,332.495,22612
12/22/2017,15:55,332.49,332.635,332.38,332.43,62605
12/22/2017,16:00,332.43,332.43,332.28,332.28,164985
12/22/2017,16:30,332.28,332.28,332.28,332.28,115
12/26/2017,09:30,332.6,332.69,331.64,332.46,3984
12/26/2017,09:35,332.34,332.5575,331.575,332.31,3099
12/26/2017,09:40,332.44,332.51,332.4,332.4,2601
12/26/2017,09:45,332.45,332.535,332.42,332.5,1400
12/26/2017,09:50,332.5,332.66,332.34,332.57,9508
12/26/2017,09:55,332.57,332.6,332.315,332.32,7705
12/26/2017,10:00,332.36,332.36,332.23,332.26,500
12/26/2017,10:05,332.43,332.67,332.43,332.67,1904
12/26/2017,10:10,332.63,332.66,332.62,332.66,400
12/26/2017,10:15,332.64,332.71,332.64,332.69,1500
12/26/2017,10:20,332.56,332.68,332.56,332.66,1100
12/26/2017,10:25,332.71,332.71,332.51,332.66,6400
12/26/2017,10:30,332.69,332.72,332.54,332.72,3207
12/26/2017,10:40,332.68,332.68,332.315,332.52,1400
12/26/2017,10:45,332.55,332.65,332.43,332.59,2687
12/26/2017,10:50,332.52,332.66,332.51,332.54,770
12/26/2017,10:55,332.57,332.64,332.525,332.525,2300
12/26/2017,11:00,332.655,332.77,332.59,332.6874,1775
12/26/2017,11:05,332.73,332.84,332.7,332.79,1415
12/26/2017,11:10,332.715,332.81,332.71,332.73,900
12/26/2017,11:15,332.79,332.81,332.79,332.81,800
12/26/2017,11:20,332.81,332.9,332.64,332.81,5142
12/26/2017,11:25,332.88,332.89,332.76,332.76,300
12/26/2017,11:30,332.75,332.88,332.75,332.84,789
12/26/2017,11:35,332.76,332.81,332.57,332.69,22629
12/26/2017,11:40,332.7,332.72,332.46,332.59,8730
12/26/2017,11:45,332.62,332.76,332.5,332.67,1200
12/26/2017,11:50,332.61,332.77,332.57,332.73,8851
12/26/2017,11:55,332.605,332.63,332.605,332.63,900
12/26/2017,12:00,332.63,332.71,332.57,332.635,2023
12/26/2017,12:05,332.69,332.75,332.57,332.75,1300
12/26/2017,12:10,332.75,332.75,332.63,332.63,730
12/26/2017,12:15,332.63,332.63,332.42,332.63,2899
12/26/2017,12:20,332.47,332.6,332.46,332.555,1975
12/26/2017,12:25,332.48,332.54,332.38,332.47,5250
12/26/2017,12:30,332.43,332.5,332.26,332.4,9727
12/26/2017,12:35,332.31,332.44,332.28,332.38,4600
12/26/2017,12:40,332.51,332.64,332.47,332.5784,1980
12/26/2017,12:45,332.51,332.53,332.51,332.51,546
12/26/2017,12:50,332.66,332.67,332.48,332.66,13792
12/26/2017,12:55,332.65,332.65,332.49,332.56,4587
12/26/2017,13:00,332.64,332.64,332.46,332.515,3201
12/26/2017,13:05,332.51,332.58,332.4,332.41,10597
12/26/2017,13:10,332.51,332.56,332.425,332.5,1678
12/26/2017,13:15,332.57,332.61,332.4,332.56,9754
12/26/2017,13:20,332.4,332.55,332.37,332.38,5577
12/26/2017,13:25,332.43,332.43,332.43,332.43,100
12/26/2017,13:30,332.42,332.495,332.42,332.45,597
12/26/2017,13:35,332.54,332.66,332.53,332.66,1400
12/26/2017,13:40,332.555,332.73,332.365,332.61,14097
12/26/2017,13:45,332.65,332.84,332.65,332.75,2479
12/26/2017,13:50,332.83,332.95,332.79,332.9,1398
12/26/2017,13:55,332.82,332.82,332.818,332.818,275
12/26/2017,14:00,332.86,332.92,332.86,332.92,1300
12/26/2017,14:05,332.96,333.01,332.88,332.88,1000
12/26/2017,14:10,332.94,332.96,332.86,332.86,1400
12/26/2017,14:15,332.88,332.88,332.83,332.83,1100
12/26/2017,14:20,332.84,332.92,332.84,332.9,1468
12/26/2017,14:25,332.9,333.01,332.86,333,2380
12/26/2017,14:30,333,333,332.835,332.97,500
12/26/2017,14:35,332.86,332.86,332.86,332.86,100
12/26/2017,14:40,332.8884,332.92,332.8884,332.92,250
12/26/2017,14:45,332.95,332.95,332.88,332.94,400
12/26/2017,14:50,332.97,333.01,332.94,332.98,1279
12/26/2017,14:55,332.95,332.97,332.87,332.97,800
12/26/2017,15:00,332.91,332.97,332.78,332.78,1300
12/26/2017,15:05,332.89,332.89,332.75,332.76,1200
12/26/2017,15:15,332.7,332.71,332.62,332.62,1000
12/26/2017,15:20,332.63,332.74,332.63,332.65,1100
12/26/2017,15:25,332.73,332.77,332.68,332.7,1300
12/26/2017,15:30,332.77,332.79,332.65,332.79,2329
12/26/2017,15:35,332.79,332.83,332.73,332.83,1200
12/26/2017,15:40,332.8,332.82,332.76,332.76,2000
12/26/2017,15:45,332.75,332.9,332.75,332.9,4950
12/26/2017,15:50,332.81,332.87,332.73,332.73,5087
12/26/2017,15:55,332.8,333.06,332.69,333.05,34552
12/26/2017,16:00,333.41,333.41,333.41,333.41,236984
12/27/2017,09:30,333.2,333.2,332.9006,332.93,14684
12/27/2017,09:35,332.935,333.05,332.83,332.83,399
12/27/2017,09:40,332.86,333.01,332.76,332.76,1836
12/27/2017,09:45,332.68,332.92,332.68,332.92,1054
12/27/2017,09:50,332.82,332.93,332.8,332.92,600
12/27/2017,09:55,332.91,332.91,332.81,332.85,903
12/27/2017,10:00,332.81,332.81,332.68,332.74,17902
12/27/2017,10:05,332.68,332.77,332.66,332.71,1300
12/27/2017,10:10,332.77,332.84,332.65,332.81,1500
12/27/2017,10:15,332.89,333.05,332.82,333.05,2000
12/27/2017,10:20,332.97,333.03,332.94,333.03,2383
12/27/2017,10:25,332.95,332.95,332.95,332.95,100
12/27/2017,10:30,332.97,333.085,332.97,333.085,500
12/27/2017,10:35,333.05,333.05,332.85,332.85,800
12/27/2017,10:40,332.92,333.099,332.92,333.07,400
12/27/2017,10:45,333.07,333.15,333.07,333.14,816
12/27/2017,10:50,333.18,333.22,333.11,333.22,800
12/27/2017,10:55,333.22,333.28,333.19,333.28,2009
12/27/2017,11:00,333.27,333.29,333.17,333.17,1340
12/27/2017,11:05,333.1,333.14,332.95,333.11,600
12/27/2017,11:10,333.06,333.11,333.06,333.11,400
12/27/2017,11:15,333.07,333.07,333.07,333.07,200
12/27/2017,11:20,333.04,333.05,333.03,333.04,660
12/27/2017,11:25,333.08,333.08,332.98,332.98,200
12/27/2017,11:30,333.06,333.06,333.06,333.06,300
12/27/2017,11:35,332.98,333.02,332.93,333,2377
12/27/2017,11:40,333.06,333.06,332.93,333.019,7796
12/27/2017,11:45,333.03,333.125,332.94,333.09,8693
12/27/2017,11:50,333.08,333.14,333.01,333.09,6600
12/27/2017,11:55,333.2,333.24,333.06,333.14,900
12/27/2017,12:00,333.14,333.15,333,333.12,8960
12/27/2017,12:05,333.12,333.23,332.97,333.04,4921
12/27/2017,12:10,333.04,333.11,332.89,333.11,4072
12/27/2017,12:15,333.1,333.125,333.08,333.125,1818
12/27/2017,12:20,333.14,333.14,333.01,333.07,2600
12/27/2017,12:25,333.07,333.1,333.01,333.03,3700
12/27/2017,12:30,333.03,333.13,333.01,333.04,2178
12/27/2017,12:35,333.05,333.09,333.01,333.06,1950
12/27/2017,12:40,333.07,333.16,333.02,333.1,6300
12/27/2017,12:45,333.1204,333.1204,333.12,333.12,300
12/27/2017,12:50,333.11,333.15,333.08,333.08,1400
12/27/2017,12:55,333.13,333.15,332.93,333.019,4792
12/27/2017,13:00,333.01,333.08,333.01,333.08,1000
12/27/2017,13:05,332.96,333.12,332.96,333.07,700
12/27/2017,13:10,333.14,333.14,333.01,333.02,6301
12/27/2017,13:15,333.1,333.1,333.02,333.02,2800
12/27/2017,13:20,333.04,333.04,332.99,333.04,400
12/27/2017,13:30,333.01,333.02,333.01,333.02,200
12/27/2017,13:35,333.04,333.08,332.98,333.08,1400
12/27/2017,13:40,332.97,332.97,332.97,332.97,300
12/27/2017,13:45,333,333,332.89,332.89,262
12/27/2017,13:50,332.85,332.89,332.8,332.89,939
12/27/2017,13:55,332.89,332.9,332.83,332.88,500
12/27/2017,14:00,332.855,332.92,332.85,332.85,1700
12/27/2017,14:05,332.77,332.82,332.73,332.82,900
12/27/2017,14:10,332.78,332.79,332.73,332.75,700
12/27/2017,14:15,332.76,332.78,332.66,332.72,1200
12/27/2017,14:20,332.61,332.63,332.59,332.59,400
12/27/2017,14:25,332.68,332.73,332.68,332.73,600
12/27/2017,14:30,332.62,332.73,332.62,332.66,1550
12/27/2017,14:35,332.66,332.78,332.66,332.76,2861
12/27/2017,14:45,332.73,332.73,332.71,332.71,800
12/27/2017,14:50,332.64,332.69,332.59,332.6499,900
12/27/2017,14:55,332.56,332.69,332.56,332.59,1200
12/27/2017,15:00,332.68,332.74,332.68,332.74,718
12/27/2017,15:05,332.77,332.84,332.74,332.84,4300
12/27/2017,15:10,332.72,332.72,332.7,332.7,847
12/27/2017,15:15,332.82,332.82,332.79,332.79,200
12/27/2017,15:20,332.75,332.83,332.75,332.77,2901
12/27/2017,15:25,332.76,332.82,332.76,332.76,1300
12/27/2017,15:30,332.72,332.86,332.72,332.82,2396
12/27/2017,15:35,332.82,332.92,332.78,332.79,4603
12/27/2017,15:40,332.87,332.89,332.82,332.86,671
12/27/2017,15:45,332.88,332.92,332.82,332.92,34736
12/27/2017,15:50,332.92,333.03,332.9001,333.03,2461
12/27/2017,15:55,333.03,333.18,332.98,333.11,14513
12/27/2017,16:00,333.19,333.19,333.19,333.19,69589
12/27/2017,16:35,333.19,333.19,333.19,333.19,1227
12/28/2017,09:30,333.49,333.49,333.135,333.135,2511
12/28/2017,09:35,333.28,333.38,333.28,333.32,1200
12/28/2017,09:40,333.34,333.34,333.1,333.18,1100
12/28/2017,09:45,332.88,333.12,332.83,332.99,2463
12/28/2017,09:50,332.98,333.09,332.84,332.95,1932
12/28/2017,09:55,332.96,332.96,332.7,332.725,800
12/28/2017,10:00,332.81,332.96,332.54,332.77,3535
12/28/2017,10:05,332.72,332.74,332.67,332.725,1032
12/28/2017,10:10,332.72,332.85,332.72,332.85,615
12/28/2017,10:15,332.88,332.88,332.8,332.85,300
12/28/2017,10:20,332.815,332.84,332.75,332.81,400
12/28/2017,10:25,332.84,332.84,332.73,332.73,802
12/28/2017,10:30,332.88,332.9,332.88,332.9,200
12/28/2017,10:35,332.9,332.9,332.89,332.9,1900
12/28/2017,10:40,332.9,333,332.9,333,2405
12/28/2017,10:45,333,333.09,333,333.02,1100
12/28/2017,10:50,332.91,333.03,332.86,332.94,3444
12/28/2017,10:55,332.97,333.08,332.97,333.01,1640
12/28/2017,11:00,333.09,333.09,333,333,605
12/28/2017,11:05,333.05,333.05,333.04,333.04,200
12/28/2017,11:10,333.08,333.15,333.08,333.0989,975
12/28/2017,11:15,333.07,333.13,333.07,333.12,961
12/28/2017,11:20,333.17,333.17,333.14,333.14,200
12/28/2017,11:25,333.13,333.16,333.08,333.14,600
12/28/2017,11:30,333.18,333.21,333.12,333.15,405
12/28/2017,11:35,333.18,333.24,333.1,333.19,945
12/28/2017,11:40,333.31,333.36,333.31,333.36,324
12/28/2017,11:45,333.29,333.42,333.27,333.42,600
12/28/2017,11:50,333.53,333.61,333.53,333.58,1294
12/28/2017,11:55,333.63,333.72,333.63,333.66,597
12/28/2017,12:00,333.74,333.92,333.74,333.92,3298
12/28/2017,12:05,333.99,333.99,333.95,333.95,300
12/28/2017,12:10,333.89,334.03,333.88,333.88,2799
12/28/2017,12:15,333.92,333.93,333.85,333.92,1500
12/28/2017,12:20,333.92,333.92,333.84,333.89,1200
12/28/2017,12:25,333.9,333.9,333.79,333.79,300
12/28/2017,12:30,333.77,333.88,333.76,333.83,729
12/28/2017,12:35,333.9,333.92,333.82,333.91,600
12/28/2017,12:40,333.91,333.91,333.89,333.89,200
12/28/2017,12:45,333.9,333.91,333.81,333.83,700
12/28/2017,12:50,333.83,333.91,333.83,333.84,1898
12/28/2017,12:55,333.9,333.94,333.85,333.85,1100
12/28/2017,13:00,333.86,333.93,333.85,333.93,400
12/28/2017,13:05,333.905,333.96,333.87,333.87,1012
12/28/2017,13:10,333.96,333.96,333.95,333.95,800
12/28/2017,13:15,333.88,333.94,333.84,333.84,400
12/28/2017,13:20,333.83,333.88,333.8,333.88,700
12/28/2017,13:25,333.8,333.86,333.79,333.85,1000
12/28/2017,13:30,333.77,333.87,333.77,333.79,1100
12/28/2017,13:35,333.83,333.83,333.75,333.75,500
12/28/2017,13:40,333.73,333.87,333.72,333.79,1747
12/28/2017,13:45,333.85,333.88,333.85,333.88,500
12/28/2017,13:50,333.84,333.86,333.68,333.68,1397
12/28/2017,13:55,333.75,333.75,333.61,333.61,700
12/28/2017,14:00,333.67,333.69,333.55,333.63,1400
12/28/2017,14:05,333.62,333.68,333.62,333.62,300
12/28/2017,14:10,333.6,333.79,333.6,333.79,1915
12/28/2017,14:15,333.79,333.82,333.67,333.79,800
12/28/2017,14:20,333.74,333.83,333.74,333.79,800
12/28/2017,14:25,333.78,333.82,333.57,333.61,4800
12/28/2017,14:30,333.6,333.63,333.44,333.46,5400
12/28/2017,14:35,333.46,333.46,332.97,333.14,23431
12/28/2017,14:40,333.1,333.11,332.68,332.68,23427
12/28/2017,14:45,332.71,332.75,332.48,332.69,21734
12/28/2017,14:50,332.69,332.78,332.37,332.47,23850
12/28/2017,14:55,332.425,332.5,332.26,332.4,27247
12/28/2017,15:00,332.46,332.53,332.37,332.44,27295
12/28/2017,15:05,332.45,332.485,332.27,332.31,27337
12/28/2017,15:10,332.31,332.38,332.21,332.32,42747
12/28/2017,15:15,332.33,332.41,332.32,332.38,43938
12/28/2017,15:20,332.38,332.39,332.1,332.22,44999
12/28/2017,15:25,332.18,332.26,332.05,332.09,29327
12/28/2017,15:30,332.07,332.16,331.85,331.91,42866
12/28/2017,15:35,331.89,331.9,331.565,331.78,64367
12/28/2017,15:40,331.79,331.9,331.55,331.58,58473
12/28/2017,15:45,331.46,332.16,331.46,332.06,34763
12/28/2017,15:50,332.14,332.26,332.05,332.25,21403
12/28/2017,15:55,332.28,332.48,331.75,331.78,93708
12/28/2017,16:00,331.89,332.73,331.24,331.99,2784345
12/28/2017,16:05,331.8,332,331.8,332,4076
12/28/2017,16:10,332,332,331.24,331.24,1957
12/28/2017,16:20,331.97,331.97,331.97,331.97,100
